,x,Euler,RK4,Exact
0,0.0,0.0,0.0,0.0
1,0.4,1.2,0.405856002488,0.468423528041
2,0.8,0.0843840552428,0.381796877344,0.408566760139
3,1.2,0.488564323795,0.285600732812,0.292964464863
4,1.6,0.0682944600176,0.199467916972,0.200234960721
5,2.0,0.201299145583,0.135877038459,0.134999820609
6,2.4,0.0416228525341,0.0916677882491,0.0906502245529
7,2.8,0.0838878324268,0.0616053958185,0.0607963884292
8,3.2,0.0226393756942,0.0413382279574,0.0407594432058
9,3.6,0.0353310193575,0.0277214419989,0.0273231650569
10,4.0,0.0115898553222,0.018585374682,0.0183155263536
