,0,1,2,3,4
0,1,-0.916290731874,-0.75838241786,-0.312553522689,-0.75838241786
1,2,-1.60943791243,-2.02816706058,-2.02816706058,-2.29031394221
2,4,-2.30258509299,-3.03517120143,-3.35770913914,-3.5440551034
3,8,-2.99573227355,-3.79310889626,-5.33332219795,-4.57200813621
4,16,-3.68887945411,-4.51044288195,-7.03021702112,-5.45738976949
5,32,-4.38202663467,-5.21431282696,-6.76372305623,-6.25549099798
6,64,-5.07517381523,-5.91253686588,-7.22353694382,-7.00380832502
7,128,-5.76832099579,-6.60815744732,-7.82815541083,-7.72528945339
8,256,-6.46146817635,-7.30252577267,-8.48262397169,-8.43280149101
9,512,-7.15461535691,-7.99627972085,-9.15770531643,-9.13318199099
10,1024,-7.84776253747,-8.68972934433,-9.84212511609,-9.82995873734
11,2048,-8.54090971803,-9.3830275124,-10.5309835225,-10.5249239506
12,4096,-9.23405689859,-10.0762501284,-11.2220048694,-11.2189809629
13,8192,-9.92720407915,-10.7694350121,-11.9140937502,-11.9125832635
14,16384,-10.6203512597,-11.4626010408,-12.6067129307,-12.6059580556
15,32768,-11.3134984403,-12.1557576438,-13.2995964003,-13.2992190539
